Translation: -192.1052	-12.7189 -236.644
Quaternion: 0.0 0.0 0.0 0.0
TransMatrix: -0.078855023	0.835885141	0.543210748
             0.777943095	-0.236154054	0.58226781
             0.649906217	0.457913605	-0.606578139
             	