C_to_L_translation: 5.8948	-12.7189 -236.644
C_to_L_rotation: -0.078855023	0.835885141	0.543210748
				 0.777943095	-0.236154054	0.58226781
				 0.649906217	0.457913605	-0.606578139
L_displacement: -198 0 0	
L_to_R_translation: -87, 29, 33.8		 
L_to_R_rotation_Qua: 0.317 -0.152 -0.003 0.936
             	